16
4
4
25 41 96 79 54 65 23 53 76 83 9 48 100 91 90 72
37 17 92 31 94 11 48 28 50 60 8 48 28 94 60 49
9 42 6 61 27 65 46 99 80 84 6 64 5 98 55 34
65 78 97 8 15 10 4 80 71 37 82 45 70 41 98 85
14 89 50 31 62 9 79 90 18 65 27 64 65 62 9 16
74 39 43 16 11 89 55 86 81 64 12 84 6 99 77 32
100 23 52 14 51 9 23 1 64 65 36 55 16 47 82 39
20 44 60 61 68 97 3 57 19 21 99 12 5 94 24 24
84 63 21 19 39 27 96 26 66 77 77 98 84 73 99 100
86 56 28 62 4 70 85 85 100 7 71 5 48 59 84 55
32 56 49 4 87 49 61 50 48 86 61 46 98 5 63 81
86 22 1 43 45 40 88 86 25 95 91 30 97 27 67 4
41 19 57 59 48 82 89 62 98 25 73 55 98 92 97 30
27 91 90 91 14 74 100 8 84 24 55 13 65 91 3 68
76 14 9 53 15 13 72 19 2 41 43 94 63 99 62 24
95 89 26 43 89 83 47 35 74 46 70 67 1 44 18 32
